Reservoir Name ;StaID;Capacity(AF) ;Elevation(FT) ;Storage(AF) ;StorageChange ;% of Capacity;AverageStorage;% of Average;Outflow(CFS) ;Inflow(CFS) ;Storage - YearAgo This Date ;
;? TRINITY RIVER;
;TRINITY LAKE;CLE;2,447,650;2,336.74;1,939,680;4,400;79;1,830,587;106;583;2,830;878,640;
;WHISKEYTOWN;WHI;241,100;1,200.01;210,155;-1,018;87;208,074;101;1,292;779;204,946;
;LEWISTON;LEW;14,660;1,901.60;14,360;172;98;13,889;103;327;416;14,016;
;? RUSSIAN RIVER;
;SONOMA(WARM SPRINGS);WRS;381,000;460.03;269,491;-2,795;71;230,855;117;2,027;622;235,666;
;MENDOCINO (COYOTE);COY;122,400;744.81;80,830;-,345;66;73,367;110;512;341;79,381;
;? SACRAMENTO RIVER;
;SHASTA;SHA;4,552,000;1,028.03;3,483,926;-51,326;77;3,372,699;103;41,543;15,682;2,820,293;
;KESWICK;KES;23,772;583.69;21,702;1,121;91;21,811;100;40,147;40,712;18,879;
;? FEATHER RIVER;
;OROVILLE;ORO;3,537,577;852.06;2,836,077;30,542;80;2,495,458;114;965;16,332;1,900,992;
;ANTELOPE;ANT;22,566;5,003.76;24,232;77;107;18,024;134;----;----;23,266;
;FRENCHMAN;FRD;55,477;5,582.05;46,568;226;84;37,318;125;----;----;16,000;
;LAKE DAVIS;DAV;83,000;5,774.12;80,872;198;97;61,011;133;----;----;43,776;
;? YUBA RIVER;
;BULLARDS BAR;BUL;966,000;1,912.48;771,748;3,869;80;635,463;121;----;----;690,022;
;ENGLEBRIGHT;ENG;70,000;523.88;67,454;-1,181;96;66,354;102;----;3,571;64,387;
;? AMERICAN RIVER;
;FOLSOM;FOL;977,000;399.63;376,967;-2,577;39;553,981;68;11,601;10,306;611,159;
;UNION VALLEY;UNV;266,369;4,857.46;231,524;-27;87;148,618;156;----;----;181,509;
;LOON LAKE;LON;69,306;6,401.08;57,333;-,487;83;30,174;190;----;----;42,526;
;ICE HOUSE;ICH;43,496;5,433.65;33,156;-,166;76;21,764;152;----;64;33,785;
;NIMBUS;NAT;9,000;123.17;7,871;828;87;8,087;97;10,718;11,135;7,427;
;? CACHE CREEK;
;INDIAN VALLEY;INV;300,000;----;----;----;----;191,523;----;----;----;54,700;
;? STONY CREEK;
;BLACK BUTTE;BLB;143,700;444.91;41,551;1,470;29;63,133;66;752;1,499;50,980;
;? CALAVERAS RIVER;
;NEW HOGAN;NHG;317,000;682.94;203,421;-3,117;64;153,327;133;2,480;918;81,809;
;? MOKELUMNE RIVER;
;CAMANCHE;CMN;417,120;230.16;378,023;-4,122;91;252,950;149;4,967;2,535;117,240;
;PARDEE;PAR;203,795;568.06;204,731;108;100;180,023;114;2,534;----;172,402;
;? STANISLAUS RIVER;
;DONNELL'S;DON;64,320;----;55,639;-,233;87;14,465;385;694;----;11,669;
;BEARDSLEY;BRD;97,800;----;78,502;-13;80;41,780;188;1,134;----;42,000;
;TULLOCH;TUL;67,000;501.56;57,005;-,121;85;56,376;101;216;159;54,257;
;NEW MELONES;NML;2,400,000;1,014.69;1,609,898;6,110;67;1,473,620;109;76;3,187;472,305;
;? TUOLUMNE RIVER;
;DON PEDRO;DNP;2,030,000;824.59;1,960,853;-9,861;97;1,447,029;136;----;----;963,526;
;HETCH HETCHY;HTH;360,000;----;----;----;----;157,179;----;----;----;252,793;
;CHERRY VALLEY;CHV;273,500;----;----;----;----;103,778;----;----;----;127,105;
;? MERCED RIVER;
;MC CLURE (EXCHEQUER);EXC;1,024,600;846.04;883,546;-4,914;86;537,748;164;6,387;2,974;192,356;
;? CHOWCHILLA RIVER;
;EASTMAN (BUCHANAN);BUC;150,000;565.60;114,988;-1,304;77;73,930;156;1,477;825;26,561;
;? FRESNO RIVER;
;HENSLEY (HIDDEN);HID;90,000;491.76;30,123;-1,059;33;34,432;87;1,213;683;22,641;
;? SAN JOAQUIN RIVER;
;MILLERTON (FRIANT);MIL;520,500;547.48;382,994;-9,910;74;344,392;111;10,760;5,779;277,413;
;? SAN LUIS CREEK;
;SAN LUIS;SNL;2,041,000;541.90;2,013,875;3,675;99;1,752,134;115;----;----;904,085;
;? KINGS RIVER;
;PINE FLAT;PNF;1,000,000;907.34;758,116;-5,126;76;534,656;142;6,150;3,583;279,582;
;? KAWEAH RIVER;
;KAWEAH (TERMINUS);TRM;185,600;665.86;93,693;-1,365;50;26,526;353;2,055;1,374;39,401;
;? TULE RIVER;
;SUCCESS;SCC;82,300;634.80;47,647;-,287;58;25,481;187;991;852;21,768;
;? KERN RIVER;
;ISABELLA;ISB;568,000;2,579.86;311,261;-4,618;55;186,592;167;4,088;1,803;44,687;
;? TRUCKEE RIVER;
;STAMPEDE;STP;226,500;5,932.83;175,400;400;77;137,855;127;----;----;39,700;
;INDEPENDENCE LAKE;INP;17,295;6,946.63;15,653;34;91;13,964;112;----;----;----;
;DONNER LAKE;DNN;9,700;5,930.21;4,871;0;50;3,892;125;----;----;4,601;
;? SANTA YNEZ RIVER;
;CACHUMA LAKE;CCH;205,000;710.99;91,030;334;44;167,709;54;2;165;28,534;
;? SOUTH COAST;
;PYRAMID;PYM;180,000;2,575.35;166,502;216;93;162,696;102;----;----;163,011;
;CASTAIC;CAS;325,000;1,503.68;298,976;-,426;92;282,682;106;----;----;89,162;
;LAKE PERRIS;PRR;131,452;1,553.95;58,340;-51;44;109,869;53;----;----;45,001;

